1126	Green_1018a_001	4978780.8134	5196228.4121	315.1878	0.09537	0.06133	0.76710	-455.29	147.31	-64.50	Уравнивание
1127	Green_1018b_001	4978603.4816	5196255.1843	317.7559	0.19525	0.25623	2.08649	-387.06	88.79	-62.33	Уравнивание
1128	Green_1018c_001	4978416.7543	5196283.9769	314.7570	0.20188	0.17743	1.35582	-236.21	85.73	-47.27	Уравнивание
1129	Green_1018d_001	4978250.1054	5196308.5023	318.3040	0.00010	0.00010	1.55833	-1358030424.92	158881.31	-80169.95	Уравнивание
1130	Green_1018e_001	4978072.7249	5196335.0435	324.4350	0.20099	0.17842	1.46947	-305.59	90.33	-56.77	Уравнивание
1131	Green_1018f_001	4977895.0681	5196361.7912	330.4061	0.19750	0.10860	1.12202	-309.29	116.33	-47.41	Уравнивание
1132	Green_1018g_001	4977717.6156	5196388.3590	329.7028	0.15706	0.00010	0.99276	-375751.53	98981.47	-34.26	Уравнивание
1133	Green_1018h_001	4977540.3033	5196415.5181	327.0786	0.16434	0.06248	0.78389	-404.89	122.01	-34.61	Уравнивание
1134_a	Green_1018i_001	4977328.9501	5196446.2193	317.2058	0.00010	0.04352	0.95681	-1040810.07	224.54	-41193.00	Уравнивание
1134_b	Green_1018j_001	4977328.1576	5196441.4836	317.3111	0.00010	0.00010	1.10355	-868625573.22	77159.80	17378.12	Уравнивание
1135	Green_1018k_001	4977111.6387	5196479.9603	318.0119	0.00010	0.00010	0.86425	-378747567.71	83135.21	-9017.91	Уравнивание
1136	Green_1018l_001	4976928.4176	5196508.7138	316.4642	0.12535	0.00010	0.95793	-363575.69	89081.79	12.45	Уравнивание
1137	Green_1018m_001	4976726.6549	5196537.3880	319.5317	0.00010	0.00010	0.99604	-577139288.16	89882.98	478.05	Уравнивание
1138	Green_1018n	4976530.2909	5196567.2467	327.5598	0.00010	0.00010	1.14266	-881784405.28	103677.27	-38903.87	Уравнивание
1139	Green_1018o_001	4976334.3707	5196596.4374	336.8504	0.00010	0.00010	1.03877	-697695758.39	104981.41	-66261.22	Уравнивание
1140	Green_1018q_001	4976137.5227	5196625.9997	340.2222	0.02935	0.00010	0.64786	-798895.62	73365.85	-183.00	Уравнивание
1141	Green_1018r_001	4975938.8577	5196656.0344	348.3289	0.00010	0.00010	1.20794	-867111136.75	108228.21	-21898.97	Уравнивание
1142	Green_1018s_001	4975735.9357	5196686.0130	358.0482	0.00010	0.00010	0.97478	-640620496.49	96828.50	-65924.82	Уравнивание
1143	Green_1018t_001	4975545.6640	5196714.3029	366.3413	0.00010	0.00010	1.25781	-932023164.47	118151.69	-30558.93	Уравнивание
1144_a	Green_1018u_001	4975328.4911	5196746.5321	372.4697	0.19641	0.10621	0.94234	-268.58	86.87	-31.32	Уравнивание
1144_b	Green_1018v_001	4975327.0617	5196740.7245	372.8071	0.22301	0.12962	1.03747	-266.66	71.57	-31.11	Уравнивание
1145	Green_1018w_001	4975131.8820	5196823.6954	367.7638	0.32651	0.21144	1.28579	-123.54	82.59	-64.33	Уравнивание
1146	Green_1018x	4974947.7451	5196893.0784	368.1379	0.40150	0.25593	1.57872	-96.32	83.99	-47.74	Уравнивание
1147	Green_1018y_001	4974760.1580	5196966.4106	374.8501	0.32121	0.13719	0.96987	-110.48	93.50	-36.76	Уравнивание
1148	Green_1018z_001	4974575.1051	5197037.6837	368.5458	0.32412	0.10920	0.98687	-150.35	117.52	-35.72	Уравнивание
1149	Green_1018za	4974388.7173	5197109.2515	371.5642	0.00010	0.00010	2.20454	-3428022717.42	153643.84	62055.99	Уравнивание
1150	Green_1018zb_001	4974202.8207	5197180.6328	381.4409	0.00010	0.00010	4.00365	-14112173880.67	292973.88	-60539.37	Уравнивание
1151	Green_1018zc	4974016.6102	5197252.4184	388.3484	0.00010	0.00010	1.45285	-1124148440.83	128754.13	19289.40	Уравнивание
1152_a	Green_1018zd_001	4973825.6757	5197325.8303	395.4569	0.00010	0.00010	1.37954	-1520337510.05	115296.67	-78325.69	Уравнивание
1152_b	Green_1018ze_001	4973825.6505	5197325.6929	395.4544	0.00010	0.00010	1.73640	-3116462743.40	86146.13	-16217.98	Уравнивание
1153	Green_1018zf_001	4973640.0657	5197397.2708	402.7353	0.28206	0.10389	1.02519	-170.11	121.28	-29.22	Уравнивание
1154	Green_1018zg_001	4973455.4499	5197468.0863	408.0011	0.03019	0.02627	0.03019	21.78	-21.81	3.01	Уравнивание
1155	yellow_1018w_001	4973269.5494	5197540.2447	401.0770	0.00365	0.00372	0.00365	-1.93	1.93	-1.57	Уравнивание
1156	yellow_1018v_001	4973072.8591	5197616.2391	398.3090	0.00010	0.00010	1.74111	-3121461566.51	88065.36	-20489.59	Уравнивание
1157	yellow_1018u_001	4972897.3829	5197682.7694	401.7796	0.00010	0.00010	1.38633	-1525334344.14	116480.23	-78236.26	Уравнивание
1158	yellow_1018t_001	4972715.8069	5197752.3492	411.3333	0.00010	0.00010	1.46433	-1154556034.32	129008.06	17310.56	Уравнивание
1159	yellow_1018s_001	4972529.4337	5197823.9678	415.8391	0.00010	0.00010	3.99851	-14039563727.16	292418.98	-56475.75	Уравнивание
1160	yellow_1018r_001	4972347.4142	5197894.2483	410.6093	0.00010	0.00010	2.19580	-3408416374.55	150930.25	67424.76	Уравнивание
1161	yellow_1018q_001	4972162.2554	5197967.0799	397.4364	0.38478	0.12464	1.00724	-136.50	99.23	-29.14	Уравнивание
1162	yellow_1018p_001	4971976.1323	5198036.7771	387.3118	0.33331	0.13164	0.97901	-119.88	96.61	-35.28	Уравнивание
1163	yellow_1018o_001	4971784.4223	5198110.1344	382.9030	0.38256	0.18515	1.05433	-100.31	63.34	-24.94	Уравнивание
1164	yellow_1018n_001	4971598.5504	5198180.6335	371.2107	0.42630	0.28104	1.58691	-92.94	74.07	-45.34	Уравнивание
1165	yellow_1018m_001	4971403.8531	5198256.4728	364.1488	0.35620	0.23252	1.30039	-118.71	71.48	-57.95	Уравнивание
1166	yellow_1018l_001	4971222.6114	5198326.9269	355.0446	0.28161	0.03595	1.08170	-932.65	294.77	-40.45	Уравнивание
1167	yellow_1018k_001	4971034.8031	5198398.5196	350.8545	0.22809	0.12729	0.97347	-221.84	71.65	-28.59	Уравнивание
1168	yellow_1018j_001	4970847.3041	5198470.1542	361.1517	0.00010	0.00010	1.48471	-1297861269.54	138315.25	-31982.49	Уравнивание
1169	yellow_1018i_001	4970721.8086	5198519.0349	361.6098	0.00010	0.00010	1.26627	-1000901718.85	123192.31	-58453.13	Уравнивание
1170_a	yellow_1018h_001	4970520.1336	5198595.5429	345.0087	0.00010	0.00010	0.71146	-288258690.11	78413.37	-56551.34	Уравнивание
1170_b	yellow_1018g_001	4970514.2039	5198596.1322	344.8917	0.00010	0.00010	0.85764	-460908533.96	90885.31	-65183.23	Уравнивание
1171	yellow_1018f_001	4970333.6742	5198577.8825	350.6741	0.00010	0.00010	1.54882	-1231223136.28	136339.24	45404.59	Уравнивание
1172	yellow_1018e_001	4970107.7524	5198555.3125	355.3871	Навигационный						
1173	yellow_1018d_001	4969844.6361	5198526.1693	356.7120	0.13745	0.00010	0.95195	-309480.64	86806.75	23.57	Уравнивание
1174	yellow_1018c_001	4969587.3054	5198498.3379	338.0338	0.00010	0.00010	1.09456	-765625856.23	95837.02	-6846.61	Уравнивание
1175	yellow_1018b_001	4969360.9957	5198475.9976	333.9913	0.00010	0.00010	1.84648	-2680443384.21	137810.09	-5346.86	Уравнивание
1176	yellow_1018a_001	4969088.9586	5198445.3596	342.4361	0.28737	0.00010	1.47158	-857647.42	151499.19	-87.15	Уравнивание
